image_width: 800
image_height: 800
camera_name: rrbot_cam
camera_matrix:
  rows: 3
  cols: 3
  data: [476.7030836014194, 0.0, 400.5, 0.0, 476.7030836014194, 400.5, 0.0, 0.0, 1.0]
distortion_model: plumb_bob
distortion_coefficients:
  rows: 1
  cols: 5
  data: [0, 0, 0, 0, 0]
rectification_matrix:
  rows: 3
  cols: 3
  data: [1.0, 0.0, 0.0, 0.0, 1.0, 0.0, 0.0, 0.0, 1.0]
projection_matrix:
  rows: 3
  cols: 4
  data: [476.7030836014194, 0.0, 400.5, -0.0, 0.0, 476.7030836014194, 400.5, 0.0, 0.0, 0.0, 1.0, 0.0]
