image_width: 1920
image_height: 1080
camera_name: rrbot_cam
camera_matrix:
  rows: 3
  cols: 3
  data: [1081.3720703125, 0.0, 959.5, 0.0, 1081.3720703125, 539.5, 0.0, 0.0, 1.0]
distortion_model: plumb_bob
distortion_coefficients:
  rows: 1
  cols: 5
  data: [0, 0, 0, 0, 0]
rectification_matrix:
  rows: 3
  cols: 3
  data: [1.0, 0.0, 0.0, 0.0, 1.0, 0.0, 0.0, 0.0, 1.0]
projection_matrix:
  rows: 3
  cols: 4
  data: [1081.3720703125, 0.0, 959.5, 0.0, 0.0, 1081.3720703125, 539.5, 0.0, 0.0, 0.0, 1.0, 0.0]
